(1, 0, 829.792667176741, 6.084400918133179)
(1, 1, 784.987070969608, 4.894418972587341)
(1, 2, 864.0916591015753, 5.286861793707999)
(1, 3, 917.6473490762371, 6.009735232891044)
(1, 4, 957.8835466060318, 6.169717440727506)
(1, 5, 874.0357024820047, 5.4557546497310545)
(1, 6, 813.8202092743435, 4.495892503168385)

(2, 0, 925.1762175745781, 5.339928664072695)
(2, 1, 942.2086417552335, 6.459330438164435)
(2, 2, 951.292497236842, 6.763409401209323)
(2, 3, 888.5001170541232, 5.962009429361139)
(2, 4, 1011.5177067486499, 7.18860333387284)
(2, 5, 901.1134679534389, 6.159001846034301)
(2, 6, 775.2296130126804, 4.72845955558456)

(3, 0, 921.976220924538, 6.157638730303781)
(3, 1, 911.0680520707679, 6.004705268988989)
(3, 2, 917.5134656687163, 6.645942076147109)
(3, 3, 972.8584632735106, 7.781180739433209)
(3, 4, 937.5218109413753, 7.572183052617831)
(3, 5, 681.7789449465891, 4.244062448644165)
(3, 6, 440.3800247475085, 2.9106715269881236)

(4, 0, 731.3809350839773, 4.5777392695281565)
(4, 1, 872.4024084525519, 6.251722667016741)
(4, 2, 923.9616638135357, 7.308500131682954)
(4, 3, 959.8200722293037, 7.386302578684201)
(4, 4, 990.2027682054613, 7.328104681404467)
(4, 5, 870.4865603644631, 5.817692808330636)
(4, 6, 776.902524576243, 4.944573630752157)

(5, 0, 928.8227596990122, 6.360431935893711)
(5, 1, 912.1028023983313, 7.113464546402583)
(5, 2, 942.4179861607423, 7.20509388603737)
(5, 3, 914.934516505988, 6.864917064303554)
(5, 4, 978.5249642113477, 7.727013925039072)
(5, 5, 881.6403240574206, 6.110849874104898)
(5, 6, 816.881412694249, 4.704465280965185)

(6, 0, 925.1543173025675, 6.6676394076842005)
(6, 1, 956.436063614326, 7.5128921942960565)
(6, 2, 962.5484925118167, 7.521827377824573)
(6, 3, 995.6527807168391, 7.695784287792666)
(6, 4, 1005.413817527396, 8.156475366530206)
(6, 5, 905.6451163326385, 6.325198275578386)
(6, 6, 790.0222280921738, 4.776428052565518)

(7, 0, 922.21811675462, 6.452091029023822)
(7, 1, 957.2393631413961, 7.210206236594668)
(7, 2, 988.8378037073776, 7.483469049983479)
(7, 3, 950.1902479970731, 8.739839101093775)
(7, 4, 994.0474130828784, 7.781921239083926)
(7, 5, 886.5008557938164, 6.16891927339503)
(7, 6, 820.09856286631, 5.213497135666781)

(8, 0, 922.2751698885, 6.421986540872312)
(8, 1, 951.8644301288435, 6.826029071688227)
(8, 2, 975.4938115955728, 7.106450443323784)
(8, 3, 946.2394293147092, 8.286426054598762)
(8, 4, 991.3815905646683, 7.705468801475991)
(8, 5, 889.3296378209287, 6.119938140215493)
(8, 6, 791.238696377889, 4.6825972291770634)

(9, 0, 878.3426894768259, 6.311792984550143)
(9, 1, 943.1607780507795, 7.47810319410331)
(9, 2, 967.0978494094348, 8.325666010498695)
(9, 3, 987.8661808057635, 9.574199148378634)
(9, 4, 1013.3988158887297, 8.445908091973692)
(9, 5, 918.9182217759071, 6.8167648898693)
(9, 6, 853.4648719054778, 6.162889095374008)

(10, 0, 904.1917180747522, 6.074931547520938)
(10, 1, 920.249821070949, 6.782359893627542)
(10, 2, 929.2255314293132, 7.230842462180552)
(10, 3, 961.6518229422348, 6.648810342006209)
(10, 4, 953.4609048953262, 6.82640514257465)
(10, 5, 878.5119765248946, 5.591325269866092)
(10, 6, 803.1506927760288, 4.378176731940122)

(11, 0, 864.0115961532154, 5.516398070043076)
(11, 1, 578.6250876554612, 4.202245964540902)
(11, 2, 658.7587637482009, 4.502390265102154)
(11, 3, 907.0246657272085, 6.800996264010015)
(11, 4, 960.2339332375188, 7.095374967337367)
(11, 5, 859.4954707966235, 5.664858452237815)
(11, 6, 789.9438227715846, 4.434884706956734)

(12, 0, 913.6764716357978, 6.59282476363178)
(12, 1, 949.0018523930119, 7.607744009351318)
(12, 2, 973.3280731976854, 7.771663524670122)
(12, 3, 979.7361977297959, 7.808144693065484)
(12, 4, 1006.3442828698167, 7.901733254994147)
(12, 5, 918.2277118837284, 6.786148131252244)
(12, 6, 817.9101944627295, 5.554881344759455)

(13, 0, 940.4015506919219, 6.94449896947699)
(13, 1, 944.725181415194, 7.117901822360958)
(13, 2, 969.8690041521139, 7.065778026758113)
(13, 3, 911.115150070664, 7.38912521779155)
(13, 4, 1011.5425033664984, 8.338207376753077)
(13, 5, 868.0169714379412, 5.688627708470135)
(13, 6, 772.0755480579295, 4.439223173140257)

(14, 0, 733.6298270135104, 3.96216989508996)
(14, 1, 952.0288108001147, 6.80136481731189)
(14, 2, 973.8693581848706, 7.049774426186348)
(14, 3, 980.4498287276425, 8.268334376338153)
(14, 4, 1009.0524966526228, 7.818428529440618)
(14, 5, 920.9826644315136, 6.272514216218029)
(14, 6, 837.058301479142, 5.20036563071306)
(15, 0, 952.3516609656612, 6.322368767267497)
(15, 1, 939.9973527769565, 8.527368870496385)
(15, 2, 972.6504082035746, 8.007943509892453)
(15, 3, 1019.4624210422414, 7.70140150019742)
(15, 4, 1014.4172492525985, 8.516377016327818)
(15, 5, 926.5548739965773, 6.3895348072114855)
(15, 6, 879.0246620054276, 5.839091391079669)
(16, 0, 968.5707336523052, 6.643680223285558)
(16, 1, 993.9738685166758, 7.5107400066072705)
(16, 2, 989.700952015736, 7.633608989963066)
(16, 3, 1009.1224886344423, 8.193167199865334)
(16, 4, 1035.5557892634793, 8.488614503943877)
(16, 5, 943.9804847534515, 6.513178087675917)
(16, 6, 879.1237515876688, 5.173106491075636)
(17, 0, 973.8905908424467, 6.915205945081378)
(17, 1, 1001.3242017986669, 7.473297449099047)
(17, 2, 1018.6937622904359, 8.404976169049826)
(17, 3, 1028.9751633654407, 8.579248349415984)
(17, 4, 1051.6461353066934, 8.613954988288887)
(17, 5, 907.2484506143711, 6.088303229705292)
(17, 6, 833.1086846828463, 4.661756239628903)
(18, 0, 938.5694592228461, 6.569142703212342)
(18, 1, 966.3561994156527, 7.915092185243706)
(18, 2, 715.8546853521849, 4.053381164716502)
(18, 3, 950.2435200375029, 6.846409320700466)
(18, 4, 958.8688010220936, 6.899505541912834)
(18, 5, 866.5820724888501, 5.28566198495642)
(18, 6, 798.7613243441684, 4.32387357319271)
(19, 0, 915.6710282861895, 5.543713810316225)
(19, 1, 923.138997738007, 7.126721442352495)
(19, 2, 744.3036527530187, 4.3482661195385495)
(19, 3, 726.9691000334543, 4.169688859150215)
(19, 4, 842.1071278054642, 5.47110077934246)
(19, 5, 797.7044170321025, 4.532109262544788)
(19, 6, 778.4281675463067, 4.076992637913059)
(20, 0, 969.3961919913339, 6.518014419659525)
(20, 1, 990.5534198395078, 7.323093733993552)
(20, 2, 984.3192593346215, 7.167639976939051)
(20, 3, 986.9337930452399, 7.725506414584764)
(20, 4, 1031.1819435642567, 8.324385444114688)
(20, 5, 889.4536014345971, 5.763952445787614)
(20, 6, 800.4856122687893, 4.807064253938565)
(21, 0, 787.8305167993069, 4.794392461123545)
(21, 1, 947.7336677796314, 8.117008347245486)
(21, 2, 996.0611665606045, 8.294085139163421)
(21, 3, 1001.8934983277592, 8.834505016722465)
(21, 4, 1013.3514732202041, 8.853337531486229)
(21, 5, 927.1703320396718, 6.284824360632923)
(21, 6, 829.900248283676, 4.991595014330591)
(22, 0, 980.5162792240084, 7.300885425302672)
(22, 1, 769.0804386622409, 7.571021165720875)
(22, 2, 1013.4872847044766, 8.108737928516968)
(22, 3, 985.9020971009202, 9.533563577192567)
(22, 4, 1040.063638337675, 8.809250350771755)
(22, 5, 948.3659726871052, 6.62313897442767)
(22, 6, 895.6307867730893, 5.214162586357237)
(23, 0, 977.6648100375234, 7.08522514071294)
(23, 1, 978.7261854282345, 7.949745919569306)
(23, 2, 994.250992435399, 8.079826616682356)
(23, 3, 1008.3066377316748, 8.54380802359493)
(23, 4, 1054.4830159951803, 8.591815018069923)
(23, 5, 943.6617441162736, 6.329185279018646)
(23, 6, 855.6903882101602, 4.872441417985219)
(24, 0, 985.6041141340412, 6.8731718646317885)
(24, 1, 927.9281063420445, 7.3257164654372255)
(24, 2, 1004.2959442038801, 8.183241331438177)
(24, 3, 1005.2488416161333, 9.741780912206757)
(24, 4, 1054.8047284229842, 9.059497820172428)
(24, 5, 953.6295085729274, 6.499924597580595)
(24, 6, 884.5945031076612, 5.226268128049191)
(25, 0, 952.9138699029761, 8.142049811622817)
(25, 1, 983.2818521983153, 8.062100761726633)
(25, 2, 953.6476044989108, 8.750864529125431)
(25, 3, 982.7185641146405, 9.285513153019647)
(25, 4, 1032.652696176388, 8.420233812949634)
(25, 5, 938.5552254677001, 6.3994450536669945)
(25, 6, 874.0591455517471, 5.466512801780005)
(26, 0, 987.2257988830503, 7.176127689104809)
(26, 1, 1019.4723530383083, 7.948444517833636)
(26, 2, 1051.5459630079029, 8.504915882333721)
(26, 3, 1064.301512572027, 8.889159900471498)
(26, 4, 1063.316555745909, 9.143552319451805)
(26, 5, 955.7472180278352, 6.974189206932759)
(26, 6, 947.9257595207458, 5.735581448931902)
(27, 0, 1026.7653211220306, 7.4731658390608455)
(27, 1, 987.5651930526949, 8.66464311510937)
(27, 2, 1030.0398577562169, 9.287791288387846)
(27, 3, 899.086551234179, 8.844195882761193)
(27, 4, 1052.5014996402165, 8.968702165238458)
(27, 5, 944.9991901759043, 6.280501161632914)
(27, 6, 902.9602882870756, 5.515818829379719)
(28, 0, 1000.4454299721292, 8.214465598871865)
(28, 1, 1002.3341812216222, 8.256401418486723)
(28, 2, 991.1292431003128, 8.311733597752458)
(28, 3, 1011.2826808074799, 8.095467010275286)
(28, 4, 1007.2184274498197, 7.426060247692195)
(28, 5, 847.1224504528152, 4.952424858905414)
(28, 6, 772.9726423825732, 3.989977853436021)
(29, 0, 987.4264401167169, 6.983918560047254)
(29, 1, 890.6074934123842, 7.071551383399349)
(29, 2, 996.7435769674966, 7.596680415773058)
(29, 3, 1000.8066109824672, 7.679179622891151)
(29, 4, 998.8595813999403, 7.513854608878891)
(29, 5, 869.8150107568933, 5.0042277853836525)
(29, 6, 777.042068240088, 4.101896653737419)
(30, 0, 959.6551448518843, 6.730376484405623)
(30, 1, 947.2023462862755, 7.1942810296770485)
(30, 2, 968.5324659925554, 7.3494812423833435)
(30, 3, 973.4718366336622, 7.385075907590837)
(30, 4, 985.2268467258484, 6.880787499590575)
(30, 5, 825.2779275171406, 4.982331880974112)
(30, 6, 715.0601696940731, 5.475710188473106)
(31, 0, 877.5787883363589, 6.3601268371250494)
(31, 1, 916.6503179544922, 6.09716490577287)
(31, 2, 936.8019563992965, 6.26427459165765)
(31, 3, 937.0872406673548, 6.435875320523497)
(31, 4, 923.5492716594222, 5.734459302518473)
(31, 5, 765.6316042886921, 4.2650021509646745)
(31, 6, 719.1419788664738, 3.6565603365464123)
(32, 0, 806.9035103895666, 4.531662660124498)
(32, 1, 800.919824642059, 4.815693550505721)
(32, 2, 781.3078619335834, 5.0191624407002)
(32, 3, 808.9401797385616, 4.663267973856225)
(32, 4, 810.7332333955892, 4.691805105016571)
(32, 5, 683.1193194237452, 3.8740321245239393)
(32, 6, 633.3018986712606, 3.203406342158431)

(33, 0, 721.1865334087187, 3.8834004057604625)
(33, 1, 708.7611595364524, 4.1122566209130795)
(33, 2, 754.6495282862722, 4.482266874110425)
(33, 3, 602.616533916993, 3.2726623440739937)
(33, 4, 705.1102746927766, 4.0944207136755235)
(33, 5, 647.9228951085701, 3.507972799842312)
(33, 6, 617.1589253247819, 3.076238802023073)

(34, 0, 737.1830924807297, 4.042685979374567)
(34, 1, 797.7401984415197, 4.508449448590158)
(34, 2, 812.9585157553682, 4.5557835149373265)
(34, 3, 816.5749165029436, 4.804882121807503)
(34, 4, 825.1671653775553, 4.788915836392292)
(34, 5, 733.6416131334707, 3.9353546168321043)
(34, 6, 652.1151062438623, 3.439176201372998)

(35, 0, 836.1168110068919, 4.8547011340240385)
(35, 1, 875.3141051534263, 5.551661346016102)
(35, 2, 923.2389767502423, 5.797463071053614)
(35, 3, 942.249853272029, 6.2315530340083285)
(35, 4, 957.6173013649457, 6.609456950190595)
(35, 5, 853.945253776326, 5.233231757266009)
(35, 6, 802.4071041791121, 4.804594379111051)

(36, 0, 926.8894482122852, 6.142816224402495)
(36, 1, 933.5993146012668, 6.312824427480962)
(36, 2, 929.8595135187788, 7.124499545041029)
(36, 3, 971.4602441250281, 6.793060851993106)
(36, 4, 985.9731960803725, 7.398822132040018)
(36, 5, 893.8248132670847, 5.836599651212565)
(36, 6, 853.1770344029102, 4.81770757525636)

(37, 0, 919.6749358932204, 7.574916168058502)
(37, 1, 954.3931629766894, 7.703069020449428)
(37, 2, 987.5899238925392, 7.355857672542826)
(37, 3, 1007.4056896607578, 8.198412338398708)
(37, 4, 991.0142820038307, 8.406292003506376)
(37, 5, 853.4123177108698, 6.740407288317262)
(37, 6, 877.1942087267987, 5.426473461413204)

(38, 0, 957.2004330206867, 7.255871106899)
(38, 1, 971.1733551880484, 7.7438757869329296)
(38, 2, 985.6468609573419, 7.534555519374868)
(38, 3, 1000.7189197601647, 7.398833589987257)
(38, 4, 1029.960242539143, 7.790027130389303)
(38, 5, 931.1564175995832, 6.7175605311117295)
(38, 6, 867.5490321949947, 5.134397810218985)
(39, 0, 966.6799669517876, 7.248995593571808)
(39, 1, 995.7469696969688, 7.750274016763404)
(39, 2, 997.8777480325119, 8.093739517481632)
(39, 3, 1014.085608499677, 7.686136509980683)
(39, 4, 1041.8637956016341, 7.937353897672062)
(39, 5, 946.6136988727845, 6.809787439613523)
(39, 6, 872.3071648116983, 5.40074414391105)
(40, 0, 966.6872529739827, 7.077990908797844)
(40, 1, 995.0760512920269, 7.38845767272972)
(40, 2, 1010.0380053733852, 7.773748098274722)
(40, 3, 1021.3060739779357, 8.308903309539298)
(40, 4, 1037.7872917689397, 8.260739649811834)
(40, 5, 923.0520780322299, 6.678603118679473)
(40, 6, 866.7660533456876, 5.723102124561542)
(41, 0, 942.286022126815, 6.855122192866634)
(41, 1, 979.527317859235, 7.640458363174712)
(41, 2, 965.0099631837871, 7.793848760303698)
(41, 3, 972.9855297073319, 8.38972234004378)
(41, 4, 982.5270886733068, 8.349368936763968)
(41, 5, 911.8410923883332, 6.565958131009455)
(41, 6, 849.1208385886606, 5.462436531806883)
(42, 0, 933.3311763190097, 6.652950460606895)
(42, 1, 961.4766636905706, 6.690650808328865)
(42, 2, 957.5576748061267, 8.342712939819345)
(42, 3, 984.6622535978706, 8.076204365524536)
(42, 4, 1001.8728232316746, 7.907810097385955)
(42, 5, 918.2754237829205, 6.520676775738263)
(42, 6, 848.589988144065, 5.492706998205629)
(43, 0, 927.4605533774662, 7.033932129314303)
(43, 1, 947.2373058408209, 7.80489088575105)
(43, 2, 972.7284749065587, 7.885129220841493)
(43, 3, 1007.1109725606852, 7.9493749406589505)
(43, 4, 993.7316611997727, 8.085412855610981)
(43, 5, 905.4774096099693, 6.461433587448252)
(43, 6, 816.5811292884371, 5.458182973316469)
(44, 0, 898.0836404066073, 7.107106099110602)
(44, 1, 940.3312940392301, 7.803859582301851)
(44, 2, 897.4758470769405, 9.175916062375652)
(44, 3, 909.2110031631229, 9.170753986185606)
(44, 4, 818.8992065511203, 5.584926061377045)
(44, 5, 829.5099407001211, 5.65193521647645)
(44, 6, 804.0918094355302, 5.0639231605191615)
(45, 0, 909.0483660443592, 6.262578586245435)
(45, 1, 907.3574336593283, 7.7566691089803985)
(45, 2, 973.8371223501923, 7.709641128359226)
(45, 3, 977.0415820981532, 8.15566795787053)
(45, 4, 850.2272079319706, 7.480893405313885)
(45, 5, 889.3991721427658, 6.697680711248545)
(45, 6, 835.2717207242412, 5.82961443272112)
(46, 0, 779.0558274601933, 4.642880448968967)
(46, 1, 931.6129824903983, 8.503303391264808)
(46, 2, 956.82762983336, 8.611855686782143)
(46, 3, 956.2115251410982, 8.730012185736369)
(46, 4, 957.6017562179605, 8.04176001518893)
(46, 5, 915.7737268628013, 6.327540756156802)
(46, 6, 845.1431828242582, 5.2073800037943645)
(47, 0, 933.0552081365319, 6.5281629825556635)
(47, 1, 920.0537548411473, 8.085515916748097)
(47, 2, 966.7777907049873, 8.728142884095368)
(47, 3, 952.3640376673765, 6.667091102490301)
(47, 4, 1010.2016475644696, 8.182250529463094)
(47, 5, 915.6608465937344, 6.723738189955296)
(47, 6, 846.0480647868936, 5.519849535238025)
(48, 0, 910.3598957525371, 7.244869845800751)
(48, 1, 949.788180887054, 7.421946677426416)
(48, 2, 966.2063511364698, 7.638284538396872)
(48, 3, 970.3243986897521, 8.96947434097644)
(48, 4, 995.1991417246646, 8.564064791985267)
(48, 5, 915.7240199128827, 6.937937149968874)
(48, 6, 864.5184997971855, 6.204845705014243)
(49, 0, 918.0096469340655, 6.5193843178842)
(49, 1, 940.4785092780294, 7.739906440043804)
(49, 2, 966.3709634213923, 7.822772338198161)
(49, 3, 955.7413459188663, 9.025174120234631)
(49, 4, 976.5036412594476, 9.8113705210979)
(49, 5, 912.6362179193044, 8.49322749380563)
(49, 6, 868.0701534127454, 6.420528523746941)
(50, 0, 910.6382719451336, 6.758565261320928)
(50, 1, 936.5093320265859, 7.749076597960291)
(50, 2, 960.5726012695102, 8.210925761246259)
(50, 3, 978.7757750452301, 8.583155990310013)
(50, 4, 1001.3145252420364, 8.559786824664892)
(50, 5, 923.8011434161849, 7.4306521140971045)
(50, 6, 869.0497179644385, 6.152829552421853)
(51, 0, 923.415469223935, 7.239841906921279)
(51, 1, 961.2971858098822, 7.910080361780868)
(51, 2, 976.0323895809748, 8.545799026659811)
(51, 3, 994.2968900771334, 9.305940198518856)
(51, 4, 999.4753350302071, 9.487003587966518)
(51, 5, 903.9104003441178, 6.803481119611563)
(51, 6, 806.7217518203327, 5.53720237180868)
(52, 0, 893.8182885700278, 7.394429114545126)
(52, 1, 793.4751958624068, 6.2586210062431675)
(52, 2, 679.212067955478, 3.941485524003354)
(52, 3, 826.2614856121754, 6.163688458931617)
(52, 4, 849.0837396877965, 6.121194835464812)
(52, 5, 798.8211380866151, 5.623126975844877)
(52, 6, 772.4799987733072, 5.385218351324865)
Fini
